$ 1 0.000005 10.20027730826997 50 5 50 5e-11
r 384 304 384 352 0 10000
172 384 304 384 272 0 7 3 3 0 0 0.5 Voltage
r 336 400 336 448 0 33000000
g 336 448 336 464 0 2
w 336 368 336 400 2
g 432 448 432 464 0 2
r 432 400 432 448 0 33000000
w 432 400 432 368 2
d 336 368 384 368 2 default
d 432 368 384 368 2 default
s 272 368 336 368 0 1 true
s 432 368 496 368 0 1 true
g 272 448 272 464 0 0
g 496 448 496 464 0 0
w 384 352 384 368 0
r 272 400 272 448 0 1000
r 496 400 496 448 0 1000
w 272 368 272 400 0
w 496 368 496 400 0
